%%v0
%221,222的阶跃相应不符合常理
n11=[0.000287761690461384,1.32881871732315e-06];
d11=[1,0.00876734652920954,1.45872026279684e-05];
n12=[0.0110199513602668,-5.87265803310626e-05];
d12=[1,0.0387915183965845,8.79779773366833e-05];
n21=[0.000200122416578485,5.50245337000411e-07];
d21=[1,0.00622539155711173,9.56095047863456e-06]; 
n22=-[4.34539550944633e-05,1.78370582083665e-07];
d22=[1,0.00763075672020132,1.12933362765550e-05];
h=1; %采样时间
Gs=tf({n11 n12;n21 n22},{d11 d12;d21 d22});
Gsmin=ss(Gs,'min');%%去除可能存在的极点
[Ac,Bc,Cc,Dc]=ssdata(Gsmin);

%%v1
%
A=[0.997660069390659,-0.00137464535368624,0,0,0,0,0,0;0,0.999999328524377,0,0,0,0,0,0;0,0,-5.79171020678778e-06,-0.00190198660572698,0,0,0,0;0,0,0.00304220506354283,0.999054351157258,0,0,0,0;0,0,0,0,0.996996544945832,-0.000995366393133108,0,0;0,0,0,0,0.00195019078488952,0.999999027475197,0,0;0,0,0,0,0,0,0.997124367331215,-0.00158389448037025;0,0,0,0,0,0,0.000975157834620225,0.999999226242826];
B=[0.0312134278089941,0;1.52468822983478e-05,0;0.000760551265885706,0;0.000378138532767006,0;0,0.249624420465858;0,0.000243896058999716;0,0.00195031566924045;0,9.52759642335042e-07];
C=[0.00862400000000000,0.0185106432000000,0,0,0.0768000000000000,0.129024000000000,0,0;0,0,-0.0710880000000000,0.144336000000000,0,0,0.00288153600000000,0.00100925440000000];
D=[0 0;0 0];
